1 34
5 31
10 17
25 31
15 20
21 28
1 17
26 28
2 22
1 11
0 32
6 7
4 19
24 27
6 10
20 30
16 22
6 25
29 34
1 28
17 23
13 20
12 28
2 27
18 20
17 36
23 25
4 10
24 39
15 34
19 39
25 38
8 21
20 32
9 16
14 15
7 22
23 38
16 19
6 26
1 31
33 34
0 1
31 38
13 23
2 28
17 39
12 39
4 15
0 39
1 38
25 33
14 21
8 18
20 37
19 23
27 34
15 16
6 16
22 32
4 32
5 37
1 26
16 35
31 37
17 34
14 33
3 28
15 36
19 33
9 25
6 14
10 30
25 30
15 23
12 13
11 31
1 16
16 29
13 16
1 5
0 11
7 37
16 32
3 27
8 25
14 28
14 19
21 33
3 33
16 23
23 34
21 30
29 33
12 18
32 39
17 22
7 31
22 29
31 34
12 29
34 37
18 21
3 5
2 7
9 13
18 32
19 38
5 7
20 33
4 17
27 38
24 25
11 20
8 39
7 17
23 33
0 31
12 23
6 27
1 30
0 2
7 34
16 39
1 3
18 22
14 37
4 8
24 37
13 37
10 15
30 31
20 38
19 22
27 37
10 26
9 18
22 33
5 23
3 38
7 11
7 20
29 39
2 19
17 28
22 27
3 10
2 30
18 27
8 10
1 14
17 33
12 37
2 13
9 24
5 29
3 37
2 39
0 22
21 26
11 30
7 27
7 36
13 28
18 28
14 35
3 26
2 14
14 16
10 16
29 32
7 30
13 18
12 30
10 33
18 33
3 25
11 23
10 21
25 27
16 21
23 32
12 16
9 37
7 29
31 32
10 34
8 14
36 38
24 38
29 31
25 39
8 20
5 25
19 25
22 38
6 22
23 39
6 37
30 38
7 32
22 24
10 39
1 13
17 32
14 39
9 10
18 39
9 31
25 34
4 20
2 36
22 35
0 26
7 26
12 26
2 21
9 35
1 27
0 13
11 32
18 29
3 29
8 27
0 35
19 30
