15 27
14 17
20 25
0 20
15 20
4 36
33 36
6 35
34 35
23 26
19 29
26 32
15 30
6 10
21 34
20 30
25 26
9 36
33 39
2 27
34 36
24 39
10 13
25 38
14 24
19 24
6 26
2 17
16 38
13 23
11 36
10 36
1 12
18 36
24 36
13 38
1 38
6 13
20 37
3 39
9 19
22 32
6 16
7 21
5 37
0 14
31 37
11 35
18 26
17 34
14 33
3 28
0 36
19 33
2 38
6 29
1 16
12 24
1 5
7 37
1 10
0 33
14 28
19 28
26 33
24 28
14 19
21 33
20 31
23 34
6 30
29 33
11 26
10 32
18 21
23 24
4 11
2 7
5 10
13 34
3 22
4 6
25 37
5 7
20 33
4 17
2 33
26 34
27 38
10 20
32 36
5 33
11 25
7 34
22 30
34 38
4 8
36 37
28 29
15 32
13 37
30 31
20 38
2 34
6 17
23 36
29 39
7 33
31 36
18 27
12 37
24 34
19 32
3 16
8 16
6 15
19 21
6 18
4 38
11 30
8 33
16 30
2 20
0 12
17 31
11 33
14 35
3 26
8 26
20 24
10 16
6 31
33 37
13 18
20 34
19 26
22 37
5 19
21 35
32 37
30 37
1 29
0 3
7 29
22 31
13 21
2 26
34 39
8 14
17 37
10 34
1 2
12 33
25 39
5 25
27 36
10 27
2 35
6 22
5 22
15 18
28 39
10 22
0 29
9 17
26 36
9 32
33 35
23 29
5 15
9 31
8 17
25 34
20 36
27 35
10 28
7 9
6 19
21 25
4 39
28 36
22 35
8 34
13 14
12 26
2 21
7 39
16 34
11 32
18 29
17 35
3 29
2 15
15 37
24 32
