9 26
6 9
6 28
26 28
6 35
13 32
5 8
8 24
0 32
4 19
20 35
26 32
23 35
12 17
9 36
7 28
13 20
18 20
4 10
28 31
18 35
9 14
24 39
15 34
37 38
3 23
10 13
4 5
25 38
13 35
20 32
22 39
4 35
8 38
16 19
6 26
23 38
2 17
7 35
18 25
2 11
24 36
13 38
15 33
9 30
8 18
3 39
9 19
26 38
8 35
7 21
30 32
2 18
9 34
7 38
16 35
13 26
3 11
18 26
1 15
17 34
2 12
1 33
14 22
2 38
0 21
15 23
10 30
21 27
6 29
11 31
0 24
8 32
13 16
12 24
0 11
3 6
14 34
3 27
19 28
9 20
24 28
6 11
5 17
3 33
32 39
16 23
1 19
0 5
27 31
18 21
4 11
18 32
4 6
25 37
5 7
10 25
26 34
2 33
21 36
11 20
10 20
0 31
28 33
7 17
12 23
11 39
2 29
1 3
4 8
12 32
2 8
14 26
30 31
4 22
15 19
6 17
0 28
23 36
5 36
12 20
2 19
9 33
29 39
16 36
13 25
14 38
12 37
18 38
0 37
15 39
9 11
9 24
8 16
1 32
19 21
2 39
27 32
1 23
8 33
5 39
2 3
2 14
14 29
1 35
14 16
5 16
3 32
7 13
6 31
29 32
1 18
10 33
0 9
13 31
3 4
13 33
10 11
14 30
5 6
19 26
24 26
20 29
10 21
16 21
32 37
29 35
13 21
3 14
10 34
35 37
2 26
23 30
1 2
28 30
29 31
19 36
15 18
22 38
6 22
21 38
10 22
7 23
2 16
1 24
33 35
22 24
10 39
14 39
2 10
0 38
8 30
9 31
8 17
27 35
7 9
1 22
8 34
26 27
30 35
21 22
7 39
11 32
1 8
14 32
3 29
8 27
15 37
24 32
