24 30
6 9
5 31
20 25
25 31
7 12
15 20
21 28
4 36
1 17
17 20
33 36
13 17
34 35
18 19
23 26
3 7
2 5
5 8
3 24
14 31
6 7
26 32
14 18
7 19
16 22
11 27
1 28
9 36
7 28
31 35
0 4
13 20
10 35
2 27
12 34
2 6
18 35
13 35
29 30
4 5
10 13
14 24
4 16
14 15
4 35
8 38
23 38
29 37
17 18
16 38
22 25
7 35
3 12
1 12
23 28
4 15
0 39
8 31
4 26
9 30
25 33
27 34
22 32
4 32
0 27
12 27
17 29
22 26
3 11
17 34
12 36
4 31
14 22
20 26
3 34
27 33
0 21
15 23
20 21
11 31
1 16
4 37
6 32
13 16
12 24
17 24
16 32
13 29
3 6
18 31
3 27
8 25
26 33
9 20
6 11
10 19
16 23
7 18
12 18
11 26
1 19
33 38
7 31
31 34
16 26
13 19
10 32
18 21
34 37
12 35
2 7
18 32
38 39
5 10
25 37
2 33
9 23
10 25
6 20
20 28
28 33
8 39
23 33
32 36
30 36
11 25
31 33
3 15
2 29
1 3
23 31
15 32
13 37
3 21
10 15
1 37
7 11
21 39
5 23
11 19
1 20
32 33
6 36
12 20
29 39
9 33
17 28
22 27
13 25
2 30
10 38
8 10
9 11
0 37
4 24
3 16
19 32
14 23
10 31
12 14
1 23
0 25
7 27
8 33
30 34
21 23
13 28
2 3
18 28
0 34
3 32
6 31
12 19
1 18
33 37
6 34
12 30
10 33
1 7
23 27
13 31
5 9
13 33
10 11
8 23
19 26
6 21
21 35
20 29
0 16
23 32
6 24
5 32
12 16
32 37
1 29
9 37
11 24
22 31
27 29
34 39
8 14
18 23
23 30
4 9
2 26
13 36
3 20
10 12
19 36
5 25
19 25
2 35
26 36
27 36
6 22
21 38
4 34
22 38
5 35
9 32
10 39
1 13
8 11
2 31
3 30
2 10
0 38
5 15
4 25
3 19
9 31
14 20
6 12
20 36
27 35
15 17
6 19
12 15
11 17
1 22
0 26
7 26
17 30
7 39
0 13
11 32
1 8
17 35
18 29
2 15
8 27
15 37
4 30
