1 34
15 27
6 9
3 35
10 17
4 36
33 36
0 7
13 17
12 31
0 10
1 11
8 24
6 7
20 35
4 19
15 30
6 10
24 27
5 18
10 18
25 26
16 22
7 19
29 34
9 36
17 23
7 28
22 28
31 35
27 28
35 36
8 15
9 14
37 38
4 5
8 21
14 24
2 32
15 29
6 23
11 21
8 38
32 35
16 19
30 39
23 38
0 1
7 35
17 18
16 38
2 28
18 25
8 12
10 14
9 30
5 27
4 21
9 19
26 38
6 16
28 37
7 21
22 23
1 26
0 14
11 35
18 26
17 34
14 33
12 36
3 28
2 12
1 33
15 26
20 26
3 34
10 30
7 15
15 23
12 13
11 31
26 29
8 32
7 24
6 32
13 16
12 24
1 16
1 5
16 32
13 29
1 10
3 27
0 33
14 28
19 28
14 19
7 18
6 30
21 30
12 18
11 26
17 22
7 31
22 29
12 29
10 32
34 37
0 8
12 35
3 5
38 39
13 34
20 33
19 27
10 25
2 33
24 25
28 33
16 20
7 17
30 36
19 25
31 33
11 39
10 37
2 29
17 38
23 31
18 37
15 32
4 27
19 37
10 15
5 26
20 38
3 38
10 26
26 39
15 19
6 17
1 20
23 36
30 33
12 20
5 36
0 15
7 33
22 27
3 10
10 38
18 27
2 30
11 34
14 38
3 31
2 13
9 11
4 24
6 15
5 29
19 21
0 22
7 14
4 38
11 30
0 25
7 27
21 23
12 25
2 20
1 4
13 28
0 34
8 26
14 29
5 16
20 24
0 19
6 31
21 29
1 18
16 27
7 30
12 30
0 9
23 27
3 4
18 33
10 11
8 23
15 31
20 29
23 32
30 37
29 35
1 29
13 21
11 38
10 34
34 39
27 29
17 37
2 26
4 9
36 38
3 14
9 15
12 33
15 35
13 36
37 39
14 27
4 23
20 39
2 35
26 36
7 10
22 38
5 22
21 38
6 22
10 22
8 37
7 23
2 16
33 35
16 37
31 39
22 24
10 39
1 13
2 31
23 29
12 38
2 10
24 35
1 39
9 31
14 20
5 28
3 36
22 35
21 25
28 36
13 14
7 39
3 8
18 29
14 32
