14 17
17 20
7 25
0 7
13 17
2 22
17 25
13 30
2 5
18 30
1 11
5 8
14 31
24 27
14 18
21 34
7 19
6 25
21 31
29 34
11 27
7 28
12 28
2 27
34 36
8 15
35 36
4 10
37 38
19 39
3 23
8 21
14 24
20 32
4 16
2 32
6 23
28 32
10 23
16 19
12 22
7 35
31 38
13 23
10 36
18 25
14 36
2 11
8 31
24 36
13 38
4 26
3 39
2 37
22 32
11 16
7 21
22 23
30 32
12 27
5 37
9 34
23 37
16 35
13 26
11 35
17 34
8 9
14 33
2 12
9 25
1 33
6 14
2 38
10 30
0 21
1 16
13 16
1 5
7 37
13 29
3 6
19 28
24 28
3 33
10 19
16 23
6 30
21 30
29 33
33 38
16 26
22 29
12 29
27 31
18 21
17 27
0 8
2 24
3 5
9 13
4 6
25 37
8 22
20 33
19 27
2 33
15 28
6 20
5 20
20 28
11 20
0 31
16 20
7 17
32 36
9 38
22 30
13 22
11 39
2 29
12 32
4 8
5 13
1 37
8 19
5 26
19 22
3 38
11 14
2 34
22 33
15 19
4 33
28 38
16 17
29 39
2 19
18 27
14 38
4 13
3 31
9 11
8 29
24 34
1 32
5 29
11 13
27 32
25 29
21 26
1 23
8 33
6 33
0 12
18 28
3 26
0 34
8 26
4 29
1 35
24 29
6 8
3 32
0 19
7 13
15 21
11 29
17 21
33 37
12 30
2 25
1 7
17 26
27 30
2 4
9 12
3 25
19 26
26 35
5 19
10 21
25 27
32 37
30 37
12 16
9 37
1 29
11 38
35 37
34 39
3 14
4 9
28 30
15 35
5 12
37 39
29 31
13 36
24 38
25 39
4 23
2 35
27 36
10 27
22 38
15 18
11 18
7 23
5 35
29 38
2 16
1 24
33 35
7 32
3 13
1 13
18 24
23 29
14 39
4 14
2 10
4 25
19 35
8 17
14 20
5 28
4 20
10 28
15 17
22 35
6 19
4 39
28 36
7 26
6 38
21 22
12 26
16 34
13 27
3 8
8 27
