1 34
6 9
20 25
10 17
7 12
15 20
4 36
1 17
0 7
2 22
17 25
23 26
13 30
0 32
21 34
10 18
6 25
11 27
33 39
7 28
22 28
0 4
18 20
4 10
28 31
9 14
4 5
3 23
25 38
27 39
14 15
0 30
32 35
5 34
2 17
9 39
33 34
17 18
7 35
1 31
3 12
17 39
2 11
18 36
0 39
13 38
1 38
5 27
20 37
2 37
27 34
15 16
4 32
1 21
8 35
7 21
22 23
0 27
12 27
30 32
9 34
16 35
1 15
18 26
4 12
0 36
4 31
19 33
3 17
15 26
14 22
5 30
21 27
12 13
20 21
11 31
8 32
1 5
17 24
7 37
3 6
1 10
8 25
26 33
6 11
20 31
3 33
11 26
1 19
7 31
22 29
10 32
35 39
18 21
12 35
18 32
5 10
8 22
20 33
19 27
10 25
9 23
26 34
15 28
22 36
28 33
0 31
7 17
16 20
0 2
3 15
2 29
10 37
23 31
14 37
13 37
3 21
9 29
4 22
20 38
10 26
19 22
7 11
22 33
4 33
11 19
28 38
7 20
23 36
29 39
2 19
16 36
18 27
8 10
17 33
14 38
8 29
24 34
15 39
3 16
9 24
6 15
14 23
20 27
11 13
27 32
25 29
7 14
22 34
5 29
12 14
16 30
30 34
2 20
17 31
0 12
2 3
3 26
14 29
19 31
15 24
14 16
21 32
20 24
6 8
10 16
0 19
15 21
17 21
7 30
27 30
0 9
9 12
13 33
25 36
5 6
20 34
4 18
15 31
24 26
22 37
30 37
12 16
11 24
29 35
9 37
16 24
22 31
1 29
3 14
2 26
23 30
4 9
36 38
2 9
24 38
13 36
29 31
19 36
10 12
25 39
14 27
20 39
5 22
28 39
10 22
23 39
6 37
1 24
17 19
7 32
2 31
10 39
8 11
3 30
2 10
8 30
0 38
9 31
25 34
11 12
2 36
7 9
6 19
4 39
11 17
28 36
8 34
7 26
12 26
9 35
13 27
11 32
1 8
18 29
3 29
0 35
