9 26
6 9
14 17
3 35
10 17
25 31
4 36
7 25
16 28
6 35
2 22
0 10
23 26
2 5
18 30
9 21
20 30
10 18
0 17
6 25
1 28
13 20
27 28
18 20
8 15
36 39
15 34
13 35
37 38
10 13
14 24
5 24
6 23
21 37
0 30
6 26
29 37
9 39
33 34
1 31
31 38
11 36
1 12
8 12
18 36
8 31
15 33
10 14
14 21
4 21
10 29
27 34
15 16
21 24
28 37
0 27
7 21
6 39
5 37
22 23
1 26
0 14
7 38
8 9
14 33
12 36
4 12
19 33
9 25
24 31
0 21
6 29
26 29
0 24
13 16
12 24
14 34
3 27
0 33
14 28
26 33
6 11
5 17
21 33
11 26
26 30
16 26
2 24
18 21
17 27
35 39
9 13
18 32
3 22
19 27
2 33
10 25
24 25
23 33
32 36
7 34
31 33
1 3
18 22
23 31
12 32
36 37
15 32
19 37
1 37
8 19
14 26
20 38
3 38
10 26
27 37
15 19
6 17
28 38
8 36
7 20
6 36
12 20
31 36
1 14
8 10
12 37
15 39
19 32
3 16
1 32
25 35
8 16
27 32
10 31
20 22
11 30
0 25
16 30
30 34
13 15
2 20
7 36
2 3
9 27
3 32
0 19
21 29
29 32
11 29
33 37
0 6
1 7
0 9
13 33
4 7
20 34
21 35
20 29
25 27
23 32
6 24
16 21
5 32
11 24
7 29
22 31
16 24
11 38
35 37
27 29
12 33
28 30
2 9
9 15
13 36
37 39
9 28
8 20
4 23
10 27
15 18
22 38
6 22
11 18
0 29
32 34
16 18
23 39
30 38
2 16
17 19
7 32
22 24
13 24
33 35
2 31
12 38
3 30
2 10
18 39
0 38
24 35
8 17
25 34
27 35
15 17
4 39
20 23
1 22
12 15
7 26
16 31
13 14
30 35
8 34
9 35
16 34
14 32
8 27
15 37
4 30
