24 30
20 25
10 17
0 20
25 31
6 35
13 17
12 31
18 19
17 25
23 26
3 7
13 32
8 24
26 32
21 34
32 38
6 25
1 28
17 23
7 28
16 25
9 36
35 36
10 35
17 36
23 25
12 34
28 31
13 35
4 16
20 32
27 39
9 16
8 38
23 38
7 22
30 39
29 37
12 22
0 1
16 38
7 35
13 23
11 36
2 28
18 25
8 12
10 36
4 15
18 36
15 33
8 18
11 15
2 37
27 34
15 16
6 16
9 19
11 16
0 27
7 21
5 37
1 26
17 29
11 35
1 15
17 34
4 12
15 36
24 33
19 33
14 22
5 30
20 26
3 34
27 33
15 23
7 15
21 27
20 21
6 29
7 24
6 32
13 29
3 6
18 31
3 27
0 33
4 28
19 28
24 28
15 25
20 31
10 19
16 23
29 33
0 5
7 31
31 34
35 39
0 8
23 24
12 35
9 13
18 32
38 39
25 37
14 25
26 34
20 28
11 20
30 36
11 25
1 30
16 39
2 29
1 3
23 31
12 32
4 8
18 37
5 13
4 27
1 37
25 32
14 26
4 22
19 22
27 37
26 39
20 38
22 33
21 39
4 33
11 19
6 17
8 36
32 33
16 17
12 20
9 33
22 27
10 38
4 13
8 29
15 39
4 24
3 16
5 29
3 37
25 29
7 14
6 18
21 26
20 22
2 20
0 12
2 3
18 28
1 9
14 29
19 31
0 19
12 19
11 29
17 21
6 34
13 18
12 30
10 33
0 9
23 27
17 26
9 12
4 7
10 11
14 30
20 34
24 26
15 31
16 21
6 24
7 16
12 16
9 37
0 3
22 31
11 38
2 26
27 29
8 14
17 37
23 30
4 9
18 23
2 9
29 31
3 20
37 39
9 28
25 39
8 20
5 25
20 39
2 35
26 36
27 36
5 22
4 34
28 39
11 18
8 37
32 34
6 37
5 35
29 38
0 29
9 32
17 19
7 32
16 37
18 24
17 32
23 29
1 13
2 10
0 38
24 35
19 35
14 20
19 20
3 36
25 28
15 17
21 25
12 15
11 17
26 27
8 34
30 35
12 26
2 21
9 35
17 30
7 39
1 8
3 29
2 15
15 37
