1 34
9 26
15 27
5 31
3 35
15 20
21 28
4 36
11 28
0 7
12 31
0 10
23 26
18 30
13 32
8 24
6 7
20 35
19 29
26 32
28 35
10 18
25 26
32 38
6 25
7 19
12 17
7 28
31 35
12 28
2 27
34 36
27 28
23 25
4 10
28 31
12 34
24 39
5 11
37 38
14 24
19 24
27 39
4 35
0 30
32 35
6 26
30 39
23 38
8 38
7 35
13 23
17 39
23 28
8 12
12 39
2 11
5 14
19 34
3 18
9 30
25 33
14 21
20 37
3 39
2 37
11 15
21 24
4 32
1 21
6 39
30 32
22 23
2 18
9 34
7 38
31 37
3 11
14 33
4 12
3 28
2 12
8 28
24 33
1 33
15 26
6 14
20 26
2 38
27 33
7 15
21 27
4 37
12 13
0 24
7 24
2 23
16 32
13 29
3 27
0 33
14 28
9 20
7 18
21 30
26 30
1 19
7 31
31 34
16 26
2 24
18 21
34 37
23 24
2 7
18 32
9 13
25 37
8 22
5 7
27 38
2 33
6 20
5 20
20 28
28 33
11 20
8 39
10 20
11 25
9 38
3 15
11 39
1 3
8 13
12 32
36 37
2 8
4 27
3 21
9 29
8 19
30 31
19 22
27 37
3 38
7 11
22 33
6 17
21 39
23 36
16 17
12 20
29 39
17 28
16 36
13 25
17 33
4 13
18 38
0 37
15 39
4 24
25 35
14 23
5 29
6 15
3 37
27 32
10 31
20 27
22 34
21 26
4 38
19 21
11 30
0 25
21 23
2 20
1 4
0 12
7 36
3 9
3 26
0 34
4 29
19 31
0 19
7 13
15 21
12 19
16 27
10 33
27 30
1 7
5 9
9 22
22 37
5 19
21 35
28 34
20 29
25 27
23 32
0 16
30 37
29 35
9 37
0 3
3 14
2 26
27 29
8 14
17 37
12 33
2 9
9 15
24 38
3 20
1 36
14 27
5 25
2 35
15 18
21 38
4 34
12 21
2 16
33 35
13 24
3 13
10 39
8 11
14 39
2 10
8 30
5 15
4 25
8 17
14 20
5 28
4 20
10 28
0 23
15 17
2 36
20 23
28 36
26 27
11 17
6 38
12 26
1 27
9 35
18 29
3 29
0 35
