# Solution for model solving
# Objective value = 23
x[0,0] 0
y[0,0] 0
x[0,1] 0
y[0,1] 0
x[0,2] 0
y[0,2] 0
x[0,3] 0
y[0,3] 0
x[0,4] 0
y[0,4] 0
x[0,5] 0
y[0,5] 0
x[0,6] 1
y[0,6] 1
x[0,7] 1
y[0,7] 1
x[0,8] 1
y[0,8] 1
x[0,9] 1
y[0,9] 1
x[0,10] 1
y[0,10] 1
x[0,11] 1
y[0,11] 1
x[0,12] 1
y[0,12] 1
x[0,13] 1
y[0,13] 1
x[0,14] 1
y[0,14] 1
x[0,15] 1
y[0,15] 1
x[0,16] 1
y[0,16] 1
x[0,17] 1
y[0,17] 1
x[0,18] 1
y[0,18] 1
x[0,19] 1
y[0,19] 1
x[0,20] 1
y[0,20] 1
x[0,21] 1
y[0,21] 1
x[1,0] 0
y[1,0] 0
x[1,1] 0
y[1,1] 0
x[1,2] 1
y[1,2] 1
x[1,3] 1
y[1,3] 1
x[1,4] 1
y[1,4] 1
x[1,5] 1
y[1,5] 1
x[1,6] 1
y[1,6] 1
x[1,7] 1
y[1,7] 1
x[1,8] 1
y[1,8] 1
x[1,9] 1
y[1,9] 1
x[1,10] 1
y[1,10] 1
x[1,11] 1
y[1,11] 1
x[1,12] 1
y[1,12] 1
x[1,13] 1
y[1,13] 1
x[1,14] 1
y[1,14] 1
x[1,15] 1
y[1,15] 1
x[1,16] 1
y[1,16] 1
x[1,17] 1
y[1,17] 1
x[1,18] 1
y[1,18] 1
x[1,19] 1
y[1,19] 1
x[1,20] 1
y[1,20] 1
x[1,21] 1
y[1,21] 1
x[2,0] 0
y[2,0] 0
x[2,1] 0
y[2,1] 0
x[2,2] 0
y[2,2] 0
x[2,3] 0
y[2,3] 0
x[2,4] 0
y[2,4] 0
x[2,5] 0
y[2,5] 0
x[2,6] 0
y[2,6] 0
x[2,7] 0
y[2,7] 1
x[2,8] 0
y[2,8] 1
x[2,9] 1
y[2,9] 1
x[2,10] 1
y[2,10] 1
x[2,11] 1
y[2,11] 1
x[2,12] 1
y[2,12] 1
x[2,13] 1
y[2,13] 1
x[2,14] 1
y[2,14] 1
x[2,15] 1
y[2,15] 1
x[2,16] 1
y[2,16] 1
x[2,17] 1
y[2,17] 1
x[2,18] 1
y[2,18] 1
x[2,19] 1
y[2,19] 1
x[2,20] 1
y[2,20] 1
x[2,21] 1
y[2,21] 1
x[3,0] 0
y[3,0] 0
x[3,1] 0
y[3,1] 0
x[3,2] 0
y[3,2] 0
x[3,3] 0
y[3,3] 0
x[3,4] 0
y[3,4] 0
x[3,5] 0
y[3,5] 0
x[3,6] 0
y[3,6] 0
x[3,7] 0
y[3,7] 1
x[3,8] 0
y[3,8] 1
x[3,9] 0
y[3,9] 1
x[3,10] 0
y[3,10] 1
x[3,11] 0
y[3,11] 1
x[3,12] 0
y[3,12] 1
x[3,13] 0
y[3,13] 1
x[3,14] 0
y[3,14] 1
x[3,15] 1
y[3,15] 1
x[3,16] 1
y[3,16] 1
x[3,17] 1
y[3,17] 1
x[3,18] 1
y[3,18] 1
x[3,19] 1
y[3,19] 1
x[3,20] 1
y[3,20] 1
x[3,21] 1
y[3,21] 1
x[4,0] 0
y[4,0] 0
x[4,1] 0
y[4,1] 0
x[4,2] 0
y[4,2] 0
x[4,3] 0
y[4,3] 0
x[4,4] 0
y[4,4] 0
x[4,5] 0
y[4,5] 0
x[4,6] 0
y[4,6] 0
x[4,7] 0
y[4,7] 0
x[4,8] 0
y[4,8] 0
x[4,9] 0
y[4,9] 0
x[4,10] 0
y[4,10] 0
x[4,11] 0
y[4,11] 0
x[4,12] 0
y[4,12] 0
x[4,13] 0
y[4,13] 0
x[4,14] 0
y[4,14] 0
x[4,15] 0
y[4,15] 0
x[4,16] 0
y[4,16] 0
x[4,17] 0
y[4,17] 0
x[4,18] 0
y[4,18] 0
x[4,19] 0
y[4,19] 0
x[4,20] 0
y[4,20] 0
x[4,21] 0
y[4,21] 0
x[5,0] 1
y[5,0] 0
x[5,1] 1
y[5,1] 0
x[5,2] 1
y[5,2] 0
x[5,3] 1
y[5,3] 0
x[5,4] 1
y[5,4] 0
x[5,5] 1
y[5,5] 1
x[5,6] 1
y[5,6] 1
x[5,7] 1
y[5,7] 1
x[5,8] 1
y[5,8] 1
x[5,9] 1
y[5,9] 1
x[5,10] 1
y[5,10] 1
x[5,11] 1
y[5,11] 1
x[5,12] 1
y[5,12] 1
x[5,13] 1
y[5,13] 1
x[5,14] 1
y[5,14] 1
x[5,15] 1
y[5,15] 1
x[5,16] 1
y[5,16] 1
x[5,17] 1
y[5,17] 1
x[5,18] 1
y[5,18] 1
x[5,19] 1
y[5,19] 1
x[5,20] 1
y[5,20] 1
x[5,21] 1
y[5,21] 1
x[6,0] 0
y[6,0] 0
x[6,1] 1
y[6,1] 1
x[6,2] 1
y[6,2] 1
x[6,3] 1
y[6,3] 1
x[6,4] 1
y[6,4] 1
x[6,5] 1
y[6,5] 1
x[6,6] 1
y[6,6] 1
x[6,7] 1
y[6,7] 1
x[6,8] 1
y[6,8] 1
x[6,9] 1
y[6,9] 1
x[6,10] 1
y[6,10] 1
x[6,11] 1
y[6,11] 1
x[6,12] 1
y[6,12] 1
x[6,13] 1
y[6,13] 1
x[6,14] 1
y[6,14] 1
x[6,15] 1
y[6,15] 1
x[6,16] 1
y[6,16] 1
x[6,17] 1
y[6,17] 1
x[6,18] 1
y[6,18] 1
x[6,19] 1
y[6,19] 1
x[6,20] 1
y[6,20] 1
x[6,21] 1
y[6,21] 1
x[7,0] 0
y[7,0] 0
x[7,1] 0
y[7,1] 0
x[7,2] 0
y[7,2] 1
x[7,3] 0
y[7,3] 1
x[7,4] 1
y[7,4] 1
x[7,5] 1
y[7,5] 1
x[7,6] 1
y[7,6] 1
x[7,7] 1
y[7,7] 1
x[7,8] 1
y[7,8] 1
x[7,9] 1
y[7,9] 1
x[7,10] 1
y[7,10] 1
x[7,11] 1
y[7,11] 1
x[7,12] 1
y[7,12] 1
x[7,13] 1
y[7,13] 1
x[7,14] 1
y[7,14] 1
x[7,15] 1
y[7,15] 1
x[7,16] 1
y[7,16] 1
x[7,17] 1
y[7,17] 1
x[7,18] 1
y[7,18] 1
x[7,19] 1
y[7,19] 1
x[7,20] 1
y[7,20] 1
x[7,21] 1
y[7,21] 1
x[8,0] 0
y[8,0] 0
x[8,1] 0
y[8,1] 0
x[8,2] 0
y[8,2] 0
x[8,3] 0
y[8,3] 0
x[8,4] 0
y[8,4] 0
x[8,5] 0
y[8,5] 0
x[8,6] 0
y[8,6] 0
x[8,7] 0
y[8,7] 0
x[8,8] 0
y[8,8] 0
x[8,9] 0
y[8,9] 0
x[8,10] 0
y[8,10] 0
x[8,11] 0
y[8,11] 0
x[8,12] 0
y[8,12] 0
x[8,13] 0
y[8,13] 0
x[8,14] 0
y[8,14] 0
x[8,15] 0
y[8,15] 0
x[8,16] 0
y[8,16] 0
x[8,17] 0
y[8,17] 0
x[8,18] 0
y[8,18] 0
x[8,19] 0
y[8,19] 0
x[8,20] 0
y[8,20] 0
x[8,21] 0
y[8,21] 0
x[9,0] 0
y[9,0] 0
x[9,1] 0
y[9,1] 0
x[9,2] 0
y[9,2] 0
x[9,3] 0
y[9,3] 0
x[9,4] 0
y[9,4] 0
x[9,5] 0
y[9,5] 0
x[9,6] 0
y[9,6] 0
x[9,7] 0
y[9,7] 0
x[9,8] 0
y[9,8] 0
x[9,9] 0
y[9,9] 0
x[9,10] 0
y[9,10] 0
x[9,11] 0
y[9,11] 0
x[9,12] 0
y[9,12] 0
x[9,13] 0
y[9,13] 0
x[9,14] 0
y[9,14] 0
x[9,15] 0
y[9,15] 0
x[9,16] 0
y[9,16] 0
x[9,17] 0
y[9,17] 0
x[9,18] 0
y[9,18] 0
x[9,19] 0
y[9,19] 0
x[9,20] 0
y[9,20] 0
x[9,21] 0
y[9,21] 0
x[10,0] 0
y[10,0] 0
x[10,1] 0
y[10,1] 0
x[10,2] 0
y[10,2] 0
x[10,3] 0
y[10,3] 0
x[10,4] 0
y[10,4] 1
x[10,5] 1
y[10,5] 1
x[10,6] 1
y[10,6] 1
x[10,7] 1
y[10,7] 1
x[10,8] 1
y[10,8] 1
x[10,9] 1
y[10,9] 1
x[10,10] 1
y[10,10] 1
x[10,11] 1
y[10,11] 1
x[10,12] 1
y[10,12] 1
x[10,13] 1
y[10,13] 1
x[10,14] 1
y[10,14] 1
x[10,15] 1
y[10,15] 1
x[10,16] 1
y[10,16] 1
x[10,17] 1
y[10,17] 1
x[10,18] 1
y[10,18] 1
x[10,19] 1
y[10,19] 1
x[10,20] 1
y[10,20] 1
x[10,21] 1
y[10,21] 1
x[11,0] 0
y[11,0] 0
x[11,1] 0
y[11,1] 0
x[11,2] 0
y[11,2] 0
x[11,3] 0
y[11,3] 0
x[11,4] 0
y[11,4] 0
x[11,5] 0
y[11,5] 0
x[11,6] 0
y[11,6] 1
x[11,7] 0
y[11,7] 1
x[11,8] 0
y[11,8] 1
x[11,9] 0
y[11,9] 1
x[11,10] 1
y[11,10] 1
x[11,11] 1
y[11,11] 1
x[11,12] 1
y[11,12] 1
x[11,13] 1
y[11,13] 1
x[11,14] 1
y[11,14] 1
x[11,15] 1
y[11,15] 1
x[11,16] 1
y[11,16] 1
x[11,17] 1
y[11,17] 1
x[11,18] 1
y[11,18] 1
x[11,19] 1
y[11,19] 1
x[11,20] 1
y[11,20] 1
x[11,21] 1
y[11,21] 1
x[12,0] 0
y[12,0] 0
x[12,1] 0
y[12,1] 0
x[12,2] 0
y[12,2] 0
x[12,3] 0
y[12,3] 0
x[12,4] 0
y[12,4] 0
x[12,5] 1
y[12,5] 1
x[12,6] 1
y[12,6] 1
x[12,7] 1
y[12,7] 1
x[12,8] 1
y[12,8] 1
x[12,9] 1
y[12,9] 1
x[12,10] 1
y[12,10] 1
x[12,11] 1
y[12,11] 1
x[12,12] 1
y[12,12] 1
x[12,13] 1
y[12,13] 1
x[12,14] 1
y[12,14] 1
x[12,15] 1
y[12,15] 1
x[12,16] 1
y[12,16] 1
x[12,17] 1
y[12,17] 1
x[12,18] 1
y[12,18] 1
x[12,19] 1
y[12,19] 1
x[12,20] 1
y[12,20] 1
x[12,21] 1
y[12,21] 1
x[13,0] 0
y[13,0] 0
x[13,1] 0
y[13,1] 0
x[13,2] 0
y[13,2] 0
x[13,3] 0
y[13,3] 0
x[13,4] 0
y[13,4] 0
x[13,5] 0
y[13,5] 0
x[13,6] 0
y[13,6] 0
x[13,7] 0
y[13,7] 0
x[13,8] 0
y[13,8] 0
x[13,9] 0
y[13,9] 0
x[13,10] 1
y[13,10] 1
x[13,11] 1
y[13,11] 1
x[13,12] 1
y[13,12] 1
x[13,13] 1
y[13,13] 1
x[13,14] 1
y[13,14] 1
x[13,15] 1
y[13,15] 1
x[13,16] 1
y[13,16] 1
x[13,17] 1
y[13,17] 1
x[13,18] 1
y[13,18] 1
x[13,19] 1
y[13,19] 1
x[13,20] 1
y[13,20] 1
x[13,21] 1
y[13,21] 1
x[14,0] 0
y[14,0] 0
x[14,1] 0
y[14,1] 0
x[14,2] 0
y[14,2] 0
x[14,3] 0
y[14,3] 0
x[14,4] 0
y[14,4] 0
x[14,5] 0
y[14,5] 0
x[14,6] 0
y[14,6] 0
x[14,7] 0
y[14,7] 0
x[14,8] 0
y[14,8] 0
x[14,9] 0
y[14,9] 0
x[14,10] 0
y[14,10] 0
x[14,11] 0
y[14,11] 1
x[14,12] 0
y[14,12] 1
x[14,13] 0
y[14,13] 1
x[14,14] 0
y[14,14] 1
x[14,15] 0
y[14,15] 1
x[14,16] 0
y[14,16] 1
x[14,17] 0
y[14,17] 1
x[14,18] 0
y[14,18] 1
x[14,19] 1
y[14,19] 1
x[14,20] 1
y[14,20] 1
x[14,21] 1
y[14,21] 1
x[15,0] 0
y[15,0] 0
x[15,1] 0
y[15,1] 0
x[15,2] 0
y[15,2] 0
x[15,3] 0
y[15,3] 0
x[15,4] 0
y[15,4] 0
x[15,5] 0
y[15,5] 0
x[15,6] 0
y[15,6] 0
x[15,7] 0
y[15,7] 0
x[15,8] 0
y[15,8] 0
x[15,9] 0
y[15,9] 0
x[15,10] 0
y[15,10] 0
x[15,11] 0
y[15,11] 0
x[15,12] 0
y[15,12] 0
x[15,13] 0
y[15,13] 0
x[15,14] 0
y[15,14] 0
x[15,15] 0
y[15,15] 0
x[15,16] 0
y[15,16] 0
x[15,17] 0
y[15,17] 0
x[15,18] 0
y[15,18] 0
x[15,19] 0
y[15,19] 0
x[15,20] 0
y[15,20] 0
x[15,21] 0
y[15,21] 0
x[16,0] 0
y[16,0] 0
x[16,1] 0
y[16,1] 0
x[16,2] 0
y[16,2] 0
x[16,3] 0
y[16,3] 0
x[16,4] 0
y[16,4] 0
x[16,5] 0
y[16,5] 0
x[16,6] 0
y[16,6] 0
x[16,7] 0
y[16,7] 0
x[16,8] 0
y[16,8] 0
x[16,9] 0
y[16,9] 0
x[16,10] 0
y[16,10] 0
x[16,11] 0
y[16,11] 0
x[16,12] 0
y[16,12] 0
x[16,13] 0
y[16,13] 0
x[16,14] 0
y[16,14] 0
x[16,15] 0
y[16,15] 0
x[16,16] 0
y[16,16] 0
x[16,17] 0
y[16,17] 0
x[16,18] 0
y[16,18] 0
x[16,19] 0
y[16,19] 0
x[16,20] 0
y[16,20] 0
x[16,21] 0
y[16,21] 0
x[17,0] 1
y[17,0] 0
x[17,1] 1
y[17,1] 0
x[17,2] 1
y[17,2] 0
x[17,3] 1
y[17,3] 0
x[17,4] 1
y[17,4] 1
x[17,5] 1
y[17,5] 1
x[17,6] 1
y[17,6] 1
x[17,7] 1
y[17,7] 1
x[17,8] 1
y[17,8] 1
x[17,9] 1
y[17,9] 1
x[17,10] 1
y[17,10] 1
x[17,11] 1
y[17,11] 1
x[17,12] 1
y[17,12] 1
x[17,13] 1
y[17,13] 1
x[17,14] 1
y[17,14] 1
x[17,15] 1
y[17,15] 1
x[17,16] 1
y[17,16] 1
x[17,17] 1
y[17,17] 1
x[17,18] 1
y[17,18] 1
x[17,19] 1
y[17,19] 1
x[17,20] 1
y[17,20] 1
x[17,21] 1
y[17,21] 1
x[18,0] 0
y[18,0] 0
x[18,1] 0
y[18,1] 0
x[18,2] 0
y[18,2] 0
x[18,3] 1
y[18,3] 1
x[18,4] 1
y[18,4] 1
x[18,5] 1
y[18,5] 1
x[18,6] 1
y[18,6] 1
x[18,7] 1
y[18,7] 1
x[18,8] 1
y[18,8] 1
x[18,9] 1
y[18,9] 1
x[18,10] 1
y[18,10] 1
x[18,11] 1
y[18,11] 1
x[18,12] 1
y[18,12] 1
x[18,13] 1
y[18,13] 1
x[18,14] 1
y[18,14] 1
x[18,15] 1
y[18,15] 1
x[18,16] 1
y[18,16] 1
x[18,17] 1
y[18,17] 1
x[18,18] 1
y[18,18] 1
x[18,19] 1
y[18,19] 1
x[18,20] 1
y[18,20] 1
x[18,21] 1
y[18,21] 1
x[19,0] 1
y[19,0] 0
x[19,1] 1
y[19,1] 0
x[19,2] 1
y[19,2] 0
x[19,3] 1
y[19,3] 0
x[19,4] 1
y[19,4] 0
x[19,5] 1
y[19,5] 0
x[19,6] 1
y[19,6] 0
x[19,7] 1
y[19,7] 0
x[19,8] 1
y[19,8] 0
x[19,9] 1
y[19,9] 0
x[19,10] 1
y[19,10] 1
x[19,11] 1
y[19,11] 1
x[19,12] 1
y[19,12] 1
x[19,13] 1
y[19,13] 1
x[19,14] 1
y[19,14] 1
x[19,15] 1
y[19,15] 1
x[19,16] 1
y[19,16] 1
x[19,17] 1
y[19,17] 1
x[19,18] 1
y[19,18] 1
x[19,19] 1
y[19,19] 1
x[19,20] 1
y[19,20] 1
x[19,21] 1
y[19,21] 1
x[20,0] 0
y[20,0] 0
x[20,1] 0
y[20,1] 0
x[20,2] 0
y[20,2] 0
x[20,3] 0
y[20,3] 0
x[20,4] 0
y[20,4] 0
x[20,5] 0
y[20,5] 0
x[20,6] 0
y[20,6] 0
x[20,7] 0
y[20,7] 1
x[20,8] 0
y[20,8] 1
x[20,9] 1
y[20,9] 1
x[20,10] 1
y[20,10] 1
x[20,11] 1
y[20,11] 1
x[20,12] 1
y[20,12] 1
x[20,13] 1
y[20,13] 1
x[20,14] 1
y[20,14] 1
x[20,15] 1
y[20,15] 1
x[20,16] 1
y[20,16] 1
x[20,17] 1
y[20,17] 1
x[20,18] 1
y[20,18] 1
x[20,19] 1
y[20,19] 1
x[20,20] 1
y[20,20] 1
x[20,21] 1
y[20,21] 1
d 5
choice 0
