# Solution for model solving
# Objective value = 10
x[0,0] 0
y[0,0] 0
x[0,1] 0
y[0,1] 0
x[0,2] 0
y[0,2] 0
x[0,3] 0
y[0,3] 0
x[0,4] 0
y[0,4] 1
x[0,5] 0
y[0,5] 1
x[0,6] 0
y[0,6] 1
x[0,7] 0
y[0,7] 1
x[0,8] 1
y[0,8] 1
x[0,9] 1
y[0,9] 1
x[0,10] 1
y[0,10] 1
x[0,11] 1
y[0,11] 1
x[0,12] 1
y[0,12] 1
x[0,13] 1
y[0,13] 1
x[0,14] 1
y[0,14] 1
x[0,15] 1
y[0,15] 1
x[0,16] 1
y[0,16] 1
x[1,0] 0
y[1,0] 0
x[1,1] 0
y[1,1] 0
x[1,2] 1
y[1,2] 1
x[1,3] 1
y[1,3] 1
x[1,4] 1
y[1,4] 1
x[1,5] 1
y[1,5] 1
x[1,6] 1
y[1,6] 1
x[1,7] 1
y[1,7] 1
x[1,8] 1
y[1,8] 1
x[1,9] 1
y[1,9] 1
x[1,10] 1
y[1,10] 1
x[1,11] 1
y[1,11] 1
x[1,12] 1
y[1,12] 1
x[1,13] 1
y[1,13] 1
x[1,14] 1
y[1,14] 1
x[1,15] 1
y[1,15] 1
x[1,16] 1
y[1,16] 1
x[2,0] 0
y[2,0] 0
x[2,1] 0
y[2,1] 1
x[2,2] 0
y[2,2] 1
x[2,3] 0
y[2,3] 1
x[2,4] 0
y[2,4] 1
x[2,5] 0
y[2,5] 1
x[2,6] 0
y[2,6] 1
x[2,7] 0
y[2,7] 1
x[2,8] 0
y[2,8] 1
x[2,9] 0
y[2,9] 1
x[2,10] 0
y[2,10] 1
x[2,11] 0
y[2,11] 1
x[2,12] 0
y[2,12] 1
x[2,13] 0
y[2,13] 1
x[2,14] 0
y[2,14] 1
x[2,15] 0
y[2,15] 1
x[2,16] 1
y[2,16] 1
x[3,0] 0
y[3,0] 0
x[3,1] 0
y[3,1] 0
x[3,2] 0
y[3,2] 0
x[3,3] 0
y[3,3] 0
x[3,4] 0
y[3,4] 0
x[3,5] 0
y[3,5] 0
x[3,6] 0
y[3,6] 0
x[3,7] 0
y[3,7] 0
x[3,8] 0
y[3,8] 0
x[3,9] 1
y[3,9] 1
x[3,10] 1
y[3,10] 1
x[3,11] 1
y[3,11] 1
x[3,12] 1
y[3,12] 1
x[3,13] 1
y[3,13] 1
x[3,14] 1
y[3,14] 1
x[3,15] 1
y[3,15] 1
x[3,16] 1
y[3,16] 1
x[4,0] 0
y[4,0] 0
x[4,1] 0
y[4,1] 0
x[4,2] 1
y[4,2] 1
x[4,3] 1
y[4,3] 1
x[4,4] 1
y[4,4] 1
x[4,5] 1
y[4,5] 1
x[4,6] 1
y[4,6] 1
x[4,7] 1
y[4,7] 1
x[4,8] 1
y[4,8] 1
x[4,9] 1
y[4,9] 1
x[4,10] 1
y[4,10] 1
x[4,11] 1
y[4,11] 1
x[4,12] 1
y[4,12] 1
x[4,13] 1
y[4,13] 1
x[4,14] 1
y[4,14] 1
x[4,15] 1
y[4,15] 1
x[4,16] 1
y[4,16] 1
x[5,0] 0
y[5,0] 0
x[5,1] 1
y[5,1] 1
x[5,2] 1
y[5,2] 1
x[5,3] 1
y[5,3] 1
x[5,4] 1
y[5,4] 1
x[5,5] 1
y[5,5] 1
x[5,6] 1
y[5,6] 1
x[5,7] 1
y[5,7] 1
x[5,8] 1
y[5,8] 1
x[5,9] 1
y[5,9] 1
x[5,10] 1
y[5,10] 1
x[5,11] 1
y[5,11] 1
x[5,12] 1
y[5,12] 1
x[5,13] 1
y[5,13] 1
x[5,14] 1
y[5,14] 1
x[5,15] 1
y[5,15] 1
x[5,16] 1
y[5,16] 1
x[6,0] 0
y[6,0] 0
x[6,1] 0
y[6,1] 0
x[6,2] 1
y[6,2] 1
x[6,3] 1
y[6,3] 1
x[6,4] 1
y[6,4] 1
x[6,5] 1
y[6,5] 1
x[6,6] 1
y[6,6] 1
x[6,7] 1
y[6,7] 1
x[6,8] 1
y[6,8] 1
x[6,9] 1
y[6,9] 1
x[6,10] 1
y[6,10] 1
x[6,11] 1
y[6,11] 1
x[6,12] 1
y[6,12] 1
x[6,13] 1
y[6,13] 1
x[6,14] 1
y[6,14] 1
x[6,15] 1
y[6,15] 1
x[6,16] 1
y[6,16] 1
x[7,0] 1
y[7,0] 0
x[7,1] 1
y[7,1] 0
x[7,2] 1
y[7,2] 1
x[7,3] 1
y[7,3] 1
x[7,4] 1
y[7,4] 1
x[7,5] 1
y[7,5] 1
x[7,6] 1
y[7,6] 1
x[7,7] 1
y[7,7] 1
x[7,8] 1
y[7,8] 1
x[7,9] 1
y[7,9] 1
x[7,10] 1
y[7,10] 1
x[7,11] 1
y[7,11] 1
x[7,12] 1
y[7,12] 1
x[7,13] 1
y[7,13] 1
x[7,14] 1
y[7,14] 1
x[7,15] 1
y[7,15] 1
x[7,16] 1
y[7,16] 1
x[8,0] 0
y[8,0] 0
x[8,1] 0
y[8,1] 0
x[8,2] 0
y[8,2] 0
x[8,3] 0
y[8,3] 0
x[8,4] 0
y[8,4] 1
x[8,5] 0
y[8,5] 1
x[8,6] 0
y[8,6] 1
x[8,7] 0
y[8,7] 1
x[8,8] 0
y[8,8] 1
x[8,9] 0
y[8,9] 1
x[8,10] 0
y[8,10] 1
x[8,11] 0
y[8,11] 1
x[8,12] 0
y[8,12] 1
x[8,13] 0
y[8,13] 1
x[8,14] 0
y[8,14] 1
x[8,15] 0
y[8,15] 1
x[8,16] 1
y[8,16] 1
x[9,0] 0
y[9,0] 0
x[9,1] 0
y[9,1] 0
x[9,2] 0
y[9,2] 0
x[9,3] 0
y[9,3] 0
x[9,4] 0
y[9,4] 1
x[9,5] 0
y[9,5] 1
x[9,6] 0
y[9,6] 1
x[9,7] 0
y[9,7] 1
x[9,8] 0
y[9,8] 1
x[9,9] 0
y[9,9] 1
x[9,10] 0
y[9,10] 1
x[9,11] 0
y[9,11] 1
x[9,12] 0
y[9,12] 1
x[9,13] 0
y[9,13] 1
x[9,14] 0
y[9,14] 1
x[9,15] 0
y[9,15] 1
x[9,16] 1
y[9,16] 1
x[10,0] 0
y[10,0] 0
x[10,1] 0
y[10,1] 0
x[10,2] 0
y[10,2] 0
x[10,3] 1
y[10,3] 1
x[10,4] 1
y[10,4] 1
x[10,5] 1
y[10,5] 1
x[10,6] 1
y[10,6] 1
x[10,7] 1
y[10,7] 1
x[10,8] 1
y[10,8] 1
x[10,9] 1
y[10,9] 1
x[10,10] 1
y[10,10] 1
x[10,11] 1
y[10,11] 1
x[10,12] 1
y[10,12] 1
x[10,13] 1
y[10,13] 1
x[10,14] 1
y[10,14] 1
x[10,15] 1
y[10,15] 1
x[10,16] 1
y[10,16] 1
x[11,0] 0
y[11,0] 0
x[11,1] 0
y[11,1] 0
x[11,2] 0
y[11,2] 1
x[11,3] 1
y[11,3] 1
x[11,4] 1
y[11,4] 1
x[11,5] 1
y[11,5] 1
x[11,6] 1
y[11,6] 1
x[11,7] 1
y[11,7] 1
x[11,8] 1
y[11,8] 1
x[11,9] 1
y[11,9] 1
x[11,10] 1
y[11,10] 1
x[11,11] 1
y[11,11] 1
x[11,12] 1
y[11,12] 1
x[11,13] 1
y[11,13] 1
x[11,14] 1
y[11,14] 1
x[11,15] 1
y[11,15] 1
x[11,16] 1
y[11,16] 1
x[12,0] 1
y[12,0] 0
x[12,1] 1
y[12,1] 0
x[12,2] 1
y[12,2] 1
x[12,3] 1
y[12,3] 1
x[12,4] 1
y[12,4] 1
x[12,5] 1
y[12,5] 1
x[12,6] 1
y[12,6] 1
x[12,7] 1
y[12,7] 1
x[12,8] 1
y[12,8] 1
x[12,9] 1
y[12,9] 1
x[12,10] 1
y[12,10] 1
x[12,11] 1
y[12,11] 1
x[12,12] 1
y[12,12] 1
x[12,13] 1
y[12,13] 1
x[12,14] 1
y[12,14] 1
x[12,15] 1
y[12,15] 1
x[12,16] 1
y[12,16] 1
x[13,0] 0
y[13,0] 0
x[13,1] 1
y[13,1] 1
x[13,2] 1
y[13,2] 1
x[13,3] 1
y[13,3] 1
x[13,4] 1
y[13,4] 1
x[13,5] 1
y[13,5] 1
x[13,6] 1
y[13,6] 1
x[13,7] 1
y[13,7] 1
x[13,8] 1
y[13,8] 1
x[13,9] 1
y[13,9] 1
x[13,10] 1
y[13,10] 1
x[13,11] 1
y[13,11] 1
x[13,12] 1
y[13,12] 1
x[13,13] 1
y[13,13] 1
x[13,14] 1
y[13,14] 1
x[13,15] 1
y[13,15] 1
x[13,16] 1
y[13,16] 1
x[14,0] 0
y[14,0] 0
x[14,1] 0
y[14,1] 0
x[14,2] 0
y[14,2] 0
x[14,3] 1
y[14,3] 1
x[14,4] 1
y[14,4] 1
x[14,5] 1
y[14,5] 1
x[14,6] 1
y[14,6] 1
x[14,7] 1
y[14,7] 1
x[14,8] 1
y[14,8] 1
x[14,9] 1
y[14,9] 1
x[14,10] 1
y[14,10] 1
x[14,11] 1
y[14,11] 1
x[14,12] 1
y[14,12] 1
x[14,13] 1
y[14,13] 1
x[14,14] 1
y[14,14] 1
x[14,15] 1
y[14,15] 1
x[14,16] 1
y[14,16] 1
x[15,0] 0
y[15,0] 0
x[15,1] 0
y[15,1] 0
x[15,2] 0
y[15,2] 0
x[15,3] 1
y[15,3] 1
x[15,4] 1
y[15,4] 1
x[15,5] 1
y[15,5] 1
x[15,6] 1
y[15,6] 1
x[15,7] 1
y[15,7] 1
x[15,8] 1
y[15,8] 1
x[15,9] 1
y[15,9] 1
x[15,10] 1
y[15,10] 1
x[15,11] 1
y[15,11] 1
x[15,12] 1
y[15,12] 1
x[15,13] 1
y[15,13] 1
x[15,14] 1
y[15,14] 1
x[15,15] 1
y[15,15] 1
x[15,16] 1
y[15,16] 1
d 0
choice 0
