# Solution for model solving
# Objective value = 11
x[0,0] 0
y[0,0] 1
x[0,1] 0
y[0,1] 0
x[0,2] 0
y[0,2] 0
x[0,3] 0
y[0,3] 0
x[0,4] 0
y[0,4] 0
x[0,5] 0
y[0,5] 0
x[0,6] 0
y[0,6] 0
x[1,0] 1
y[1,0] 1
x[1,1] 1
y[1,1] 0
x[1,2] 1
y[1,2] 0
x[1,3] 1
y[1,3] 0
x[1,4] 1
y[1,4] 0
x[1,5] 1
y[1,5] 0
x[1,6] 1
y[1,6] 0
x[2,0] 0
y[2,0] 1
x[2,1] 0
y[2,1] 1
x[2,2] 0
y[2,2] 1
x[2,3] 0
y[2,3] 1
x[2,4] 0
y[2,4] 1
x[2,5] 0
y[2,5] 1
x[2,6] 1
y[2,6] 1
x[3,0] 1
y[3,0] 1
x[3,1] 1
y[3,1] 0
x[3,2] 1
y[3,2] 0
x[3,3] 1
y[3,3] 0
x[3,4] 1
y[3,4] 0
x[3,5] 1
y[3,5] 0
x[3,6] 1
y[3,6] 0
x[4,0] 1
y[4,0] 1
x[4,1] 1
y[4,1] 0
x[4,2] 1
y[4,2] 0
x[4,3] 1
y[4,3] 0
x[4,4] 1
y[4,4] 0
x[4,5] 1
y[4,5] 0
x[4,6] 1
y[4,6] 0
x[5,0] 0
y[5,0] 1
x[5,1] 0
y[5,1] 0
x[5,2] 0
y[5,2] 0
x[5,3] 0
y[5,3] 0
x[5,4] 0
y[5,4] 0
x[5,5] 0
y[5,5] 0
x[5,6] 0
y[5,6] 0
d 2
choice 0
