# Solution for model solving
# Objective value = 11
x[0,0] 0
y[0,0] 0
x[0,1] 0
y[0,1] 0
x[0,2] 0
y[0,2] 0
x[0,3] 0
y[0,3] 0
x[0,4] 0
y[0,4] 0
x[0,5] 0
y[0,5] 0
x[0,6] 0
y[0,6] 0
x[0,7] 0
y[0,7] 0
x[0,8] 0
y[0,8] 0
x[0,9] 0
y[0,9] 0
x[0,10] 0
y[0,10] 0
x[1,0] 1
y[1,0] 0
x[1,1] 1
y[1,1] 0
x[1,2] 1
y[1,2] 0
x[1,3] 1
y[1,3] 0
x[1,4] 1
y[1,4] 0
x[1,5] 1
y[1,5] 0
x[1,6] 1
y[1,6] 0
x[1,7] 1
y[1,7] 0
x[1,8] 1
y[1,8] 0
x[1,9] 1
y[1,9] 0
x[1,10] 1
y[1,10] 0
x[2,0] 1
y[2,0] 0
x[2,1] 1
y[2,1] 0
x[2,2] 1
y[2,2] 0
x[2,3] 1
y[2,3] 0
x[2,4] 1
y[2,4] 0
x[2,5] 1
y[2,5] 0
x[2,6] 1
y[2,6] 0
x[2,7] 1
y[2,7] 1
x[2,8] 1
y[2,8] 1
x[2,9] 1
y[2,9] 1
x[2,10] 1
y[2,10] 1
x[3,0] 0
y[3,0] 0
x[3,1] 0
y[3,1] 0
x[3,2] 0
y[3,2] 0
x[3,3] 0
y[3,3] 0
x[3,4] 0
y[3,4] 0
x[3,5] 0
y[3,5] 0
x[3,6] 0
y[3,6] 0
x[3,7] 0
y[3,7] 1
x[3,8] 0
y[3,8] 1
x[3,9] 0
y[3,9] 1
x[3,10] 1
y[3,10] 1
x[4,0] 0
y[4,0] 0
x[4,1] 0
y[4,1] 0
x[4,2] 0
y[4,2] 0
x[4,3] 0
y[4,3] 0
x[4,4] 0
y[4,4] 0
x[4,5] 0
y[4,5] 0
x[4,6] 0
y[4,6] 0
x[4,7] 0
y[4,7] 0
x[4,8] 0
y[4,8] 0
x[4,9] 0
y[4,9] 0
x[4,10] 0
y[4,10] 0
x[5,0] 1
y[5,0] 0
x[5,1] 1
y[5,1] 0
x[5,2] 1
y[5,2] 0
x[5,3] 1
y[5,3] 0
x[5,4] 1
y[5,4] 0
x[5,5] 1
y[5,5] 0
x[5,6] 1
y[5,6] 0
x[5,7] 1
y[5,7] 0
x[5,8] 1
y[5,8] 0
x[5,9] 1
y[5,9] 0
x[5,10] 1
y[5,10] 0
x[6,0] 0
y[6,0] 0
x[6,1] 0
y[6,1] 0
x[6,2] 0
y[6,2] 0
x[6,3] 0
y[6,3] 0
x[6,4] 0
y[6,4] 0
x[6,5] 0
y[6,5] 0
x[6,6] 0
y[6,6] 0
x[6,7] 0
y[6,7] 0
x[6,8] 0
y[6,8] 0
x[6,9] 0
y[6,9] 1
x[6,10] 1
y[6,10] 1
x[7,0] 0
y[7,0] 0
x[7,1] 0
y[7,1] 1
x[7,2] 0
y[7,2] 1
x[7,3] 0
y[7,3] 1
x[7,4] 0
y[7,4] 1
x[7,5] 1
y[7,5] 1
x[7,6] 1
y[7,6] 1
x[7,7] 1
y[7,7] 1
x[7,8] 1
y[7,8] 1
x[7,9] 1
y[7,9] 1
x[7,10] 1
y[7,10] 1
x[8,0] 0
y[8,0] 0
x[8,1] 0
y[8,1] 0
x[8,2] 0
y[8,2] 0
x[8,3] 0
y[8,3] 0
x[8,4] 0
y[8,4] 0
x[8,5] 0
y[8,5] 0
x[8,6] 1
y[8,6] 1
x[8,7] 1
y[8,7] 1
x[8,8] 1
y[8,8] 1
x[8,9] 1
y[8,9] 1
x[8,10] 1
y[8,10] 1
x[9,0] 0
y[9,0] 0
x[9,1] 0
y[9,1] 0
x[9,2] 0
y[9,2] 0
x[9,3] 0
y[9,3] 0
x[9,4] 0
y[9,4] 0
x[9,5] 0
y[9,5] 0
x[9,6] 0
y[9,6] 1
x[9,7] 0
y[9,7] 1
x[9,8] 1
y[9,8] 1
x[9,9] 1
y[9,9] 1
x[9,10] 1
y[9,10] 1
d 2
choice 0
